#               1                2 
#               T          SigmaHd 
   1.06331285e-08    0.08702916253 
  1.051858858e-08    0.08702906906 
  1.040528248e-08    0.08702916729 
  1.029319692e-08     0.0870294179 
  1.018231874e-08    0.08702983324 
  1.007263493e-08    0.08703038405 
  1.409141152e-08    0.08703108519 
  1.393961902e-08    0.08703189386 
  1.378946163e-08    0.08703286686 
  1.364092173e-08    0.08703392619 
   1.34939819e-08     0.0870351247 
  1.334862491e-08     0.0870364232 
   1.32048337e-08    0.08703782984 
   1.30625914e-08    0.08703932756 
  1.292188134e-08    0.08704089549 
    1.2782687e-08     0.0870425498 
  1.264499207e-08    0.08704427291 
  1.250878038e-08    0.08704607829 
  1.237403596e-08    0.08704792008 
  1.224074301e-08    0.08704981603 
  1.210888589e-08     0.0870517521 
  1.197844913e-08     0.0870537218 
  1.184941743e-08    0.08705572389 
  1.172177567e-08    0.08705776018 
  1.159550885e-08    0.08705975397 
  1.147060218e-08    0.08706180146 
  1.134704101e-08    0.08706384552 
  1.122481083e-08    0.08706588127 
  1.110389732e-08    0.08706790449 
  1.098428628e-08    0.08706990511 
   1.08659637e-08    0.08707187548 
  1.074891568e-08    0.08707380262 
   1.06331285e-08    0.08707566772 
  1.051858858e-08    0.08707747334 
  1.040528248e-08    0.08707921082 
  1.029319692e-08     0.0870808643 
  1.018231874e-08    0.08708243339 
  1.007263493e-08    0.08708388709 
  1.409141152e-08    0.08708522777 
  1.393961902e-08    0.08708643798 
  1.378946163e-08    0.08708750655 
  1.364092173e-08    0.08708841813 
   1.34939819e-08    0.08708916013 
  1.334862491e-08    0.08708971364 
   1.32048337e-08    0.08709006698 
   1.30625914e-08    0.08709019085 
  1.292188134e-08    0.08709009172 
    1.2782687e-08    0.08708973575 
  1.264499207e-08    0.08708910551 
  1.250878038e-08     0.0870881802 
  1.237403596e-08    0.08708694418 
  1.224074301e-08     0.0870853789 
  1.210888589e-08    0.08708343509 
  1.197844913e-08    0.08708111383 
  1.184941743e-08    0.08707836646 
  1.172177567e-08     0.0870751711 
  1.159550885e-08     0.0870714803 
  1.147060218e-08     0.0870673024 
  1.134704101e-08    0.08706256286 
  1.122481083e-08    0.08705725025 
  1.110389732e-08    0.08705131711 
  1.098428628e-08    0.08704473056 
   1.08659637e-08     0.0870374406 
  1.074891568e-08    0.08702939935 
