#               1                2                3                4                5                6 
#               T              SZd          SigmaHd        SigmaHd-d        SigmaHd-u              n_d 
   1.06331285e-08    -0.4274232913    0.08921364891    -0.1294979967     0.3079252946     0.9568545957 
  1.051858858e-08    -0.4274233956    0.08921355621    -0.1294981416      0.307925254     0.9568542248 
  1.040528248e-08    -0.4274253869     0.0892136252    -0.1294990683     0.3079263187     0.9568545008 
  1.029319692e-08    -0.4274287249    0.08921381865    -0.1295005438     0.3079281811     0.9568552746 
  1.018231874e-08    -0.4274333967    0.08921416224    -0.1295025361     0.3079308606      0.956856649 
  1.007263493e-08    -0.4274392892    0.08921463141    -0.1295050132      0.307934276     0.9568585256 
  1.409141152e-08    -0.4274463203    0.08921523349    -0.1295079267     0.3079383936     0.9568609339 
  1.393961902e-08    -0.4274544139    0.08921594734    -0.1295112596     0.3079431543     0.9568637894 
  1.378946163e-08    -0.4274635716    0.08921677767    -0.1295150081     0.3079485635     0.9568671107 
  1.364092173e-08    -0.4274736874    0.08921772689    -0.1295191168     0.3079545706     0.9568709075 
   1.34939819e-08    -0.4274846582    0.08921876788    -0.1295235612      0.307961097     0.9568750715 
  1.334862491e-08    -0.4274964508    0.08921990121    -0.1295283242     0.3079681266     0.9568796049 
   1.32048337e-08    -0.4275090147    0.08922112685    -0.1295333805     0.3079756342     0.9568845074 
   1.30625914e-08    -0.4275222658    0.08922242958    -0.1295387033     0.3079835625     0.9568897183 
  1.292188134e-08    -0.4275361524    0.08922379723     -0.129544279     0.3079918735     0.9568951889 
    1.2782687e-08    -0.4275506065    0.08922523672    -0.1295500665     0.3080005399     0.9569009469 
  1.264499207e-08    -0.4275655768    0.08922673862    -0.1295560498      0.308009527     0.9569069545 
  1.250878038e-08    -0.4275810143    0.08922829998    -0.1295622072     0.3080188071     0.9569131999 
  1.237403596e-08    -0.4275968337    0.08922990816    -0.1295685087      0.308028325     0.9569196327 
  1.224074301e-08    -0.4276129765    0.08923156531    -0.1295749229     0.3080380536     0.9569262613 
  1.210888589e-08    -0.4276293924    0.08923326203    -0.1295814342     0.3080479582     0.9569330481 
  1.197844913e-08    -0.4276460168    0.08923499367    -0.1295880147     0.3080580021     0.9569399747 
  1.184941743e-08    -0.4276627847    0.08923675073    -0.1295946416     0.3080681431     0.9569470029 
  1.172177567e-08    -0.4276796665    0.08923854523     -0.129601288     0.3080783785     0.9569541809 
  1.159550885e-08    -0.4276965775    0.08924032397    -0.1296079648     0.3080886127     0.9569612959 
  1.147060218e-08    -0.4277133175    0.08924212298    -0.1296145357     0.3080987817     0.9569684919 
  1.134704101e-08    -0.4277299843    0.08924391333    -0.1296210788     0.3081089055     0.9569756533 
  1.122481083e-08    -0.4277464711     0.0892457013    -0.1296275343     0.3081189368     0.9569828052 
  1.110389732e-08    -0.4277627276    0.08924748682     -0.129633877     0.3081288506     0.9569899473 
  1.098428628e-08    -0.4277786684    0.08924924848    -0.1296400857     0.3081385827     0.9569969939 
   1.08659637e-08     -0.427794207    0.08925098547     -0.129646118      0.308148089     0.9570039419 
  1.074891568e-08     -0.427809289    0.08925268354     -0.129651961      0.308157328     0.9570107341 
   1.06331285e-08    -0.4278238321    0.08925433873    -0.1296575773     0.3081662548     0.9570173549 
  1.051858858e-08    -0.4278377389    0.08925593794    -0.1296629315     0.3081748074     0.9570237518 
  1.040528248e-08    -0.4278509224    0.08925747989    -0.1296679813     0.3081829411     0.9570299196 
  1.029319692e-08    -0.4278633541    0.08925894218    -0.1296727349     0.3081906193     0.9570357687 
  1.018231874e-08     -0.427874906    0.08926033183    -0.1296771212     0.3081977848     0.9570413273 
  1.007263493e-08    -0.4278855081    0.08926162759    -0.1296811264     0.3082043816     0.9570465104 
  1.409141152e-08     -0.427895061    0.08926282113    -0.1296847094     0.3082103516     0.9570512845 
  1.393961902e-08    -0.4279034607    0.08926390246    -0.1296878279     0.3082156328     0.9570556098 
  1.378946163e-08    -0.4279106224    0.08926485768    -0.1296904535     0.3082201689     0.9570594307 
  1.364092173e-08    -0.4279164439    0.08926567822    -0.1296925437     0.3082239002     0.9570627129 
   1.34939819e-08    -0.4279208391    0.08926634767    -0.1296940719     0.3082267672     0.9570653907 
  1.334862491e-08    -0.4279236364    0.08926685074    -0.1296949674     0.3082286689      0.957067403 
   1.32048337e-08    -0.4279248003    0.08926720033    -0.1296951998     0.3082296005     0.9570688013 
   1.30625914e-08    -0.4279241239     0.0892673366    -0.1296947254     0.3082293986     0.9570693464 
  1.292188134e-08    -0.4279215064    0.08926726705    -0.1296934862     0.3082280202     0.9570690682 
    1.2782687e-08    -0.4279168368    0.08926697431    -0.1296914441     0.3082253927     0.9570678972 
  1.264499207e-08    -0.4279099613    0.08926643758    -0.1296885431     0.3082214182     0.9570657503 
  1.250878038e-08    -0.4279007439    0.08926563019    -0.1296847418     0.3082160021     0.9570625208 
  1.237403596e-08    -0.4278890183    0.08926455193    -0.1296799572     0.3082090611     0.9570582077 
  1.224074301e-08    -0.4278746323     0.0892631703    -0.1296741458     0.3082004864     0.9570526812 
  1.210888589e-08    -0.4278574201    0.08926147557    -0.1296672345     0.3081901856     0.9570459023 
  1.197844913e-08    -0.4278372202    0.08925943192    -0.1296591782      0.308178042     0.9570377277 
  1.184941743e-08    -0.4278138353    0.08925702127    -0.1296498964     0.3081639389     0.9570280851 
  1.172177567e-08    -0.4277870868    0.08925421739     -0.129639326     0.3081477608     0.9570168696 
  1.159550885e-08     -0.427756733    0.08925098637    -0.1296273801     0.3081293529     0.9570039455 
  1.147060218e-08     -0.427722551    0.08924729935    -0.1296139762     0.3081085749     0.9569891974 
  1.134704101e-08    -0.4276843368    0.08924312558    -0.1295990428      0.308085294     0.9569725023 
  1.122481083e-08    -0.4276418704    0.08923845016    -0.1295824851     0.3080593854     0.9569538006 
  1.110389732e-08    -0.4275948891    0.08923322419    -0.1295642204     0.3080306688     0.9569328968 
  1.098428628e-08    -0.4275430796    0.08922741402    -0.1295441258     0.3079989538     0.9569096561 
   1.08659637e-08    -0.4274861659    0.08922097781    -0.1295221051     0.3079640608     0.9568839112 
  1.074891568e-08    -0.4274238554    0.08921387174     -0.129498056     0.3079257995      0.956855487 
