#               1                2                3                4                5                6                7                8                9 
#               T              SXd              SZd      SigmaHd-d-d      SigmaHd-d-u      SigmaHd-u-d      SigmaHd-u-u              q_d            q_d^2 
  1.051858858e-08    -0.3965881609    -0.1982940805   -0.01384042598     0.2082940805     0.2082940805     0.1944536545   -0.03877354302    0.08081592322 
  1.029319692e-08     -0.396592588     -0.198296294    -0.0138412983      0.208296294      0.208296294     0.1944549957   -0.03877260514    0.08080723546 
  1.007263493e-08    -0.3966011772    -0.1983005886   -0.01384269501     0.2083005886     0.2083005886     0.1944578936   -0.03876960282    0.08079110913 
  1.393961902e-08    -0.3966135111    -0.1983067555     -0.013844559     0.2083067555     0.2083067555     0.1944621965   -0.03876472496    0.08076842773 
  1.364092173e-08    -0.3966291312    -0.1983145656   -0.01384682692     0.2083145656     0.2083145656     0.1944677387   -0.03875817645    0.08073986764 
  1.334862491e-08    -0.3966475408    -0.1983237704   -0.01384942343     0.2083237704     0.2083237704      0.194474347   -0.03875015294    0.08070639898 
   1.30625914e-08     -0.396668356     -0.198334178   -0.01385229049      0.208334178      0.208334178     0.1944818875   -0.03874080599    0.08066869286 
    1.2782687e-08    -0.3966911706    -0.1983455853   -0.01385540147     0.2083455853     0.2083455853     0.1944901838   -0.03873043528    0.08062749875 
  1.250878038e-08    -0.3967156392    -0.1983578196   -0.01385868366     0.2083578196     0.2083578196     0.1944991359   -0.03871909544    0.08058347852 
  1.224074301e-08    -0.3967413187    -0.1983706593   -0.01386207678     0.2083706593     0.2083706593     0.1945085826   -0.03870698846    0.08053738542 
  1.197844913e-08    -0.3967678406    -0.1983839203   -0.01386553186     0.2083839203     0.2083839203     0.1945183884   -0.03869428684    0.08048991354 
  1.172177567e-08    -0.3967948484    -0.1983974242   -0.01386899875     0.2083974242     0.2083974242     0.1945284255   -0.03868114654    0.08044179419 
  1.147060218e-08    -0.3968217638    -0.1984108819   -0.01387240356     0.2084108819     0.2084108819     0.1945384783   -0.03866785046    0.08039389084 
  1.122481083e-08    -0.3968482929    -0.1984241464   -0.01387570488     0.2084241464     0.2084241464     0.1945484415   -0.03865452667    0.08034678275 
  1.098428628e-08    -0.3968740405    -0.1984370203   -0.01387884357     0.2084370203     0.2084370203     0.1945581767   -0.03864133374    0.08030128259 
  1.074891568e-08    -0.3968985023    -0.1984492512   -0.01388176305     0.2084492512     0.2084492512     0.1945674881   -0.03862854986    0.08025824104 
  1.051858858e-08     -0.396921175    -0.1984605875   -0.01388440874     0.2084605875     0.2084605875     0.1945761788   -0.03861645995    0.08021859108 
  1.029319692e-08    -0.3969415741     -0.198470787   -0.01388670926      0.208470787      0.208470787     0.1945840778   -0.03860526298     0.0801830831 
  1.007263493e-08    -0.3969591076    -0.1984795538   -0.01388860429     0.2084795538     0.2084795538     0.1945909495   -0.03859530958    0.08015276785 
  1.393961902e-08    -0.3969732766    -0.1984866383   -0.01389002629     0.2084866383     0.2084866383      0.194596612   -0.03858682861    0.08012857272 
  1.364092173e-08    -0.3969834193    -0.1984917097   -0.01389092185     0.2084917097     0.2084917097     0.1946007878   -0.03858026805    0.08011167451 
  1.334862491e-08    -0.3969889003    -0.1984944501   -0.01389119974     0.2084944501     0.2084944501     0.1946032504   -0.03857589869    0.08010316683 
   1.30625914e-08    -0.3969889903    -0.1984944952   -0.01389078174     0.2084944952     0.2084944952     0.1946037134   -0.03857413662    0.08010428212 
    1.2782687e-08    -0.3969828825    -0.1984914413   -0.01388959625     0.2084914413     0.2084914413      0.194601845   -0.03857550248    0.08011642695 
  1.250878038e-08    -0.3969697416    -0.1984848708   -0.01388754607     0.2084848708     0.2084848708     0.1945973247   -0.03858044274    0.08014100656 
  1.224074301e-08    -0.3969486251    -0.1984743126   -0.01388453854     0.2084743126     0.2084743126      0.194589774   -0.03858952904    0.08017961479 
  1.197844913e-08    -0.3969185604    -0.1984592802   -0.01388048316     0.2084592802     0.2084592802     0.1945787971    -0.0386033722    0.08023394913 
  1.172177567e-08    -0.3968782958    -0.1984391479    -0.0138752488     0.2084391479     0.2084391479     0.1945638991   -0.03862269937    0.08030601159 
  1.147060218e-08    -0.3968266465    -0.1984133233   -0.01386873325     0.2084133233     0.2084133233       0.19454459   -0.03864828648    0.08039783242 
  1.122481083e-08    -0.3967621741     -0.198381087   -0.01386080739      0.208381087      0.208381087     0.1945202796   -0.03868105551    0.08051174862 
  1.098428628e-08    -0.3966833343    -0.1983416672   -0.01385133694     0.2083416672     0.2083416672     0.1944903302   -0.03872201343    0.08065030277 
  1.074891568e-08    -0.3965884127    -0.1982942063   -0.01384017337     0.2082942063     0.2082942063      0.194454033   -0.03877228077    0.08081628097 
